GBIF Taxon key
2865100
2864552
2864775
5328882
2869101
2867611
2867589
2867579
2867631
4097481
2864467
5329266
5329315
5329324
2865368
2865280
5301175
6389089
7689610
5301162
5301204
5301183
5301141
5301147
5301231
5301200
5301226
5301213
8351789
8295923
5642073
8375218
7871428
2756555
8522567
2756540
2863987
2864004
2865260
2864429
2863937
2863967
2863938
5371825
5371808
5371818
5371742
3034699
3034714
5371864
3634898
6026760
3632234
3034391
3034830
6026401
3034798
5371888
3634395
7622278
6027128
5371781
7945687
3034820
8351737
3034606
5414222
2855705
2857071
2855860
9177060
2857601
7792960
2773942
7459480
2769317
2770022
2770228
2770004
5298231
2808565
2795869
2795845
2791364
2810284
2797313
2820517
2810677
8248593
8179794
2810155
7631065
2810246
8231647
2810532
5318958
8998684
5319226
2849252
2840931
7845022
2817361
5310578
5323092
2816213
8194933
2808211
2816176
8921107
2792588
2849427
9213153
2797913
2798436
2787993
5306901
3120060
5385561
5385604
5385594
5385629
5393103
5393111
8138466
5405976
8330435
3121650
3121563
8383671
3117424
5391710
8337863
3114649
9020552
8928052
7899998
9079398
3127957
9121925
3140358
3094884
3113414
3113745
3113650
7668163
8035432
5403296
8277403
5403508
7833489
3147301
3146871
8338331
7336192
5402943
5396081
3115875
5390848
8188799
6298634
6445111
3135195
7914653
3135509
3136447
3135064
8605056
3135687
9148602
3093693
3093702
3148413
8340600
5388602
3134857
8225943
5400982
3088930
3140552
3140320
5390796
5390790
5390808
7416253
3088323
3122924
3123567
3123347
3122939
5404542
3111049
3133512
8390094
8698813
8831581
3105813
3105650
6082557
5698452
8158526
5394149
5394085
8121923
3130950
9158887
3104173
3098616
3149879
5409958
5410857
5411408
5411475
5410907
5412014
5411919
8366345
5408512
3166841
5341511
2925944
2925756
2926086
5341246
5341170
7295092
5341177
5341182
7730039
7589756
5341184
5341190
5376075
8068424
3052436
5375020
9202524
5374614
5373817
5373826
3048831
3046044
3046155
3045931
3045858
3046076
3046258
3046187
3045704
5373288
5373254
5373276
5373533
3049444
3050152
3049489
3050115
3050235
3049571
3050232
3049770
3049757
3049612
3049482
3049679
3050177
7473187
3048686
5376179
3053144
3053168
5373421
3054168
5376000
3083660
3756027
3083783
3758161
3083696
3757720
3083666
3083728
3083786
3083838
6035535
9205189
8353084
6035873
8048496
3083541
7529713
5585088
5384492
8089871
7995177
3816070
3085450
3085439
6364299
3085464
3085458
6364084
3085444
3085434
3085424
6363496
3085776
5384738
8033980
7680399
8028147
3085371
3085370
3085390
3085407
3085396
3085388
3812722
3085402
3085391
3085400
3085894
3085895
5384754
5384795
5384771
5384781
5588145
6364786
8124313
3085810
3085811
7570897
3085648
5384671
5384660
5384662
7267170
5384598
5384658
5384620
5384604
6363434
8407946
7760075
5588268
7775420
3190932
3191157
3191030
7700420
8256851
4088825
3082322
2889299
6391446
5334283
2889358
7710229
4035833
7349477
7820611
6391150
7821030
5334344
5334423
2888951
6391634
2888992
8704032
8195144
2889026
7291247
2888946
2888980
2889011
2888960
9004024
3612876
3032585
2882398
3082246
3082234
5602614
2888794
2888605
2888808
5334220
5334277
5334259
2888802
2888811
7704392
2888778
7924597
2687937
2687927
2687932
2687942
2687948
2687929
7758330
2891779
5333323
5333413
2882580
8317978
2882482
5333401
5333436
2888307
8925249
5333411
5333412
2882793
2883018
2888298
2888342
2888310
8515467
2882940
5333379
2888276
2888285
2888292
2888272
2888269
2883075
6400569
2882833
8073364
2882835
2927866
2927837
2927850
3169308
3169326
5414349
3169295
7702019
3169358
3169386
5414318
5640600
5414323
8377689
8144051
5352367
5345014
5343710
5346998
5344527
5354656
5347612
5353705
5356714
5356393
5356662
5356412
5356623
5356704
5357013
2965201
2977171
2977149
5361536
5361424
5361156
2963137
5359246
5359060
5359477
5359429
5358935
5358812
5359047
8324121
2951984
2975380
2975287
2975328
2975076
2975152
2974988
2975014
2974786
2974793
2975083
7293605
3191414
3191374
2876213
9148577
5332004
5331916
9118014
2875979
2882316
2880130
2878688
5414202
9179798
7439391
3840575
3170097
7270598
8207244
8196434
3169852
7270427
8116170
3169899
2916767
2913548
2914338
2913128
2914642
2913130
2914547
2914396
2913365
2913463
2913556
9063248
2891010
2890603
2890560
2891488
2891304
2890668
2890920
2891147
7315537
2927118
8429926
2927078
2926945
3901967
5341303
5341300
2926557
2926682
5341478
2927208
2927192
2926612
5341297
2926759
2927245
2927282
2926901
5341449
5341443
6409622
5667864
5415064
5415065
7297904
3172413
3172414
3172429
4087920
3172427
3172358
7433022
3170807
7968571
7784091
8420510
3171979
3171964
3171959
3736520
7385712
3171984
3735603
3738478
7911410
8971475
3171728
3171707
3171711
7958539
3171734
7333052
3171712
7333485
3172043
8402883
8236752
8347953
5372488
5372484
5372487
5414995
5544673
7939048
5372503
5415020
8510116
8208358
3189767
3189755
3189747
3172050
3172086
3172048
3172062
7874883
3172054
3172118
3172049
3172072
3172057
3172059
3172116
3172211
3725765
7693914
7331633
3170886
3171945
3171949
5300245
5295911
2742050
2688279
2688270
2688420
2688424
2688382
3992299
3992274
8190643
2688345
2688369
2688393
2688197
5646074
9076200
8428707
5421095
3064056
3069761
3063016
7921919
7965788
3714477
3189486
3712747
2873865
2873844
3040249
7429900
5372876
5373055
5372952
5372605
9153437
5372963
5372554
5373083
5372706
7104074
5372875
7103992
7482782
5372647
7918641
5372778
9148812
5372693
7266759
7103891
5582873
5331325
8345081
7296247
7803717
5664290
5331268
5331355
7296321
7296242
5331202
7357272
5331347
9070076
3935079
3152047
3152048
5420852
3188743
3188736
8053718
3188797
8186928
3188794
3189158
3189068
3666788
3189103
3189172
3189153
3189174
3664839
3664083
3189152
3189080
3189157
7322516
7550885
6435002
2882437
7410966
2650163
8231122
2650165
8558004
9124703
2650133
8049341
8211958
2684709
5284884
5285637
5284517
2710633
2710650
2718307
2722833
2723099
2729165
2727917
2724150
2728845
2721897
8657424
2722359
2722817
2722383
2723521
2728226
2724284
2722942
2729936
2728838
2727655
2723925
2728174
2725414
2723156
2727038
2728870
2723500
2726010
2725082
2726894
2724729
2723188
2729081
2726545
2727938
2726880
2727265
2728281
2728183
2724517
2728749
2729452
2728116
2724661
2722344
2728963
2725303
2724584
2728727
2728531
2725501
2725388
8285827
2725881
2723340
2722973
2724868
2724790
2726673
2725060
2729293
2722926
2724888
2724925
2724869
2722950
2727181
2726592
2724609
2723371
2729338
2727907
2726416
2726614
2722760
2726956
2725754
2729473
2728742
2727294
9094683
2718117
2726725
2725656
2724361
2723767
2724554
2727697
2721925
2722210
2727469
2729108
2726445
2722602
2722975
2726097
2725816
2722046
7973697
2731327
2717570
2717400
2717898
2717002
2716818
2717493
2717910
2713142
2730127
2730223
2730137
2730210
2730262
2730240
2730185
2730218
2713300
2710309
2710388
2721119
8388555
2710941
9139601
2709988
2709923
2717291
2720080
2710560
2710592
2710517
2701571
2701930
2701282
2701151
2701261
2702048
2701896
6413649
2701339
2701078
2701599
2701418
2701311
2701799
2701578
2701297
4203991
6413731
2701727
2701983
9011521
2701939
2700785
2700828
2700726
2700896
9149002
2700680
2700640
2700961
2700736
2700795
2700802
2700859
2700974
4109084
9073146
2706465
2706490
4124964
6431455
2706541
2704877
2706518
8841754
4107931
2706435
2706458
7747216
5289582
5290083
5290087
5290081
5289845
2703647
2703746
4133640
2705975
2706312
5290140
2704505
7951277
4152360
7393689
5290142
8917191
2702789
4144085
2703766
2703777
2705315
2704845
5290194
2703250
4144915
8059811
4142609
4129208
7683366
5290319
4110465
4107948
8395719
7760886
2704951
2704937
2704922
2704949
2704930
2705488
2705495
4106164
4105780
2703347
2703328
2703336
2706164
2706163
2706368
4118973
4116392
2706196
5289877
2702717
5289756
5290056
5290058
8952395
4139238
2706005
5290149
2704234
2704207
8086756
2704265
9002189
2704218
4119997
4118594
2704300
2704261
2704178
2704270
8300875
4149119
2704688
2704687
2704674
2706232
2706229
4119608
2704353
8201976
5289598
2702361
2702266
7679536
7809564
2702379
2702302
2702384
5289461
5289423
2650594
2650652
8377244
2650625
2650669
2650720
2650662
2650716
7289166
2651533
2650832
2650841
5275012
8326028
5275044
4015233
2650818
2650808
4016963
8915858
5275149
5275110
5275103
5275102
5275132
7319269
2651092
2651113
2650999
5649577
5274951
8386948
2651495
2651330
5275316
5275066
5275071
5275075
7315229
5531229
8047523
7315286
5334190
7314960
2888452
2888444
6374443
5371473
3033263
3033266
5371685
7277760
3033435
9094061
5371699
3033605
7277878
3928615
3033363
3033464
9100915
3033329
3921004
3033312
3033461
3033354
8310009
8339890
8365713
3928928
7277831
3033446
3033339
6375524
3033374
8312717
3033377
3033134
7509607
7277769
3033129
7931051
3033289
2984535
3039285
3039454
3039491
3001956
3002121
7890713
3027648
3027997
3027563
3027485
3027640
3027452
3028402
3027791
3028763
3028604
8417432
7582458
7660935
3027751
3028534
3028176
7350401
3027482
3027492
3027538
3028198
5365026
3020532
3025576
3025813
9220780
9047268
4889932
8881354
2987999
2988069
3029817
8400458
5369701
5369652
3001509
5367246
5369125
8011540
5366215
7874143
5366510
8182596
3020791
3021037
3023221
3003310
3002191
3002461
3007783
3003708
3002263
3003048
3002333
3009199
3003017
7578787
3002517
2992051
2995209
2998290
2988670
3000216
7736142
2991653
8238184
8418921
2989267
8169043
2993094
2994721
3000260
2994559
2990780
2989551
2994822
2996013
2990412
2988972
2989842
2992808
2991652
2993501
2990014
8027176
2997295
8289268
7674528
3029627
3025029
3012680
3012167
3012400
3012254
9139754
8917443
3012509
3013245
3012928
8915737
3012376
3012723
5361866
7960979
5361815
3913526
2889828
3189846
7565449
7334631
2985688
5362007
5362008
5687974
5362038
7768497
5362015
2986184
2986192
2986129
5361773
5361764
5361760
5361779
7339315
7526486
8584142
5567695
5567671
5939583
5567578
5567575
3032719
8165236
3032869
3032796
3753330
7887000
3032811
8028512
7609964
8353146
3753813
7885434
3032783
3032833
2928441
2927493
2932737



